           0
           0
           0
           0
           0
           0
           0
           0
           0
           0
           0
           0
           0
           0
           0
           0
           0
           0
           0
           0
           0
           0
           0
           0
           0
           0
           0
           0
           0
           0
           0
           0
           0
           0
           0
           0
           0
           0
           0
           0
           0
   0.0176601
   0.0144146
   0.0130391
   0.0236004
   0.0220596
   0.0063059
   0.0159819
           0
   0.0131404
   0.0255764
   0.0227766
   0.0129165
   0.0221364
   0.0233295
   0.0152197
   0.0172008
   0.0164392
   0.0221041
   0.0247597
           0
   0.0223088
  0.00632602
   0.0211102
   0.0236541
   0.0175915
   0.0164058
   0.0110529
   0.0186598
   0.0201327
   0.0217493
   0.0102004
  0.00679413
   0.0134453
   0.0234779
   0.0271592
   0.0202762
  0.00506902
   0.0197476
   0.0234353
           0
   0.0219125
   0.0187527
    0.023747
   0.0124394
    0.019439
   0.0113093
     0.02212
   0.0227303
   0.0131824
   0.0231785
   0.0264003
   0.0235921
   0.0243246
   0.0161566
   0.0188887
  0.00588963
           0
    0.022609
   0.0236028
   0.0176664
   0.0147661
   0.0217219
   0.0132604
   0.0193388
   0.0210722
   0.0139777
   0.0231898
   0.0181254
   0.0227906
  0.00892982
   0.0241136
   0.0155312
   0.0203509
   0.0175729
           0
   0.0224768
   0.0201845
   0.0221124
   0.0205675
   0.0228694
  0.00988569
   0.0221278
   0.0187274
   0.0216417
   0.0181238
  0.00991828
           0
   0.0224497
   0.0238538
   0.0228736
   0.0219823
   0.0215051
   0.0197233
   0.0160582
   0.0267207
   0.0208923
   0.0229944
   0.0184582
   0.0223682
   0.0144333
   0.0215092
   0.0229369
   0.0108324
           0
   0.0221969
   0.0234711
   0.0200187
   0.0227904
   0.0115158
   0.0225273
   0.0200022
   0.0216774
   0.0166938
           0
   0.0174835
   0.0175514
    0.017738
    0.025719
    0.022427
     0.02251
   0.0211655
   0.0230121
   0.0204109
   0.0220734
   0.0272213
   0.0232552
   0.0231402
   0.0153983
           0
   0.0253371
   0.0124571
   0.0196727
   0.0206781
   0.0239653
   0.0208608
   0.0128968
   0.0185495
   0.0227817
   0.0119992
   0.0148244
           0
   0.0184905
   0.0125142
    0.024723
   0.0222816
   0.0181868
   0.0191963
           0
   0.0144575
   0.0148617
   0.0220314
   0.0166339
   0.0225599
   0.0249051
   0.0251661
   0.0224489
   0.0143615
   0.0256815
    0.019585
    0.024837
   0.0112926
   0.0118863
   0.0179309
   0.0112446
    0.018631
   0.0174498
           0
   0.0205157
           0
   0.0251536
   0.0104718
   0.0097838
   0.0208426
   0.0109494
   0.0121074
   0.0234257
  0.00818314
   0.0219863
   0.0236069
  0.00671886
  0.00611416
   0.0164573
   0.0159128
   0.0230279
    0.011053
   0.0246579
   0.0121553
   0.0190143
    0.027371
   0.0172832
           0
   0.0194546
           0
  0.00556931
  0.00723438
   0.0250712
   0.0115477
   0.0216809
  0.00328284
  0.00324714
  0.00954004
  0.00228831
  0.00171132
   0.0217601
  0.00471351
   0.0175272
  0.00609122
  0.00252339
   0.0190284
   0.0218738
    0.012997
   0.0257104
           0
   0.0136421
   0.0203502
   0.0055656
   0.0197725
   0.0235756
  0.00571489
           0
   0.0210599
  0.00090798
 0.000695654
 -0.00131115
  0.00161012
-0.000512521
-0.000373842
-0.000930768
   0.0187809
   0.0148927
   0.0267302
 -0.00148198
  0.00355114
   0.0103656
   0.0194159
  0.00534196
   0.0232734
           0
   0.0227472
 -0.00124811
  0.00103228
   0.0200113
-0.000609138
   0.0215943
           0
 -0.00165684
   0.0137019
 -0.00335215
 -0.00264973
   0.0209163
  0.00710468
 -0.00283162
 -0.00302327
 0.000518058
   0.0150015
 -0.00178253
 -0.00189809
  0.00100376
   0.0230694
   0.0229492
    0.017499
           0
 -0.00263744
 -0.00267285
   0.0176331
   0.0208447
  0.00165086
   0.0223888
 -0.00314661
 -0.00316219
  0.00567218
           0
  0.00178288
  0.00951981
   0.0224699
  -0.0036372
           0
 -0.00199964
           0
           0
   0.0214961
   0.0193972
           0
   0.0209761
           0
           0
   0.0216352
 -0.00387908
 -0.00318344
           0
           0
 -0.00185803
  0.00841626
   0.0207127
 -0.00221086
  0.00267892
    0.021017
   0.0266459
   0.0130083
           0
 0.000343371
   0.0242523
           0
 -0.00366573
 -0.00356328
   0.0232097
   0.0136526
           0
           0
 -0.00186167
   0.0222612
   0.0226942
   0.0033645
   0.0211816
           0
  0.00681789
           0
 -0.00222177
  -0.0035655
   0.0199481
   0.0166029
 -0.00359009
   0.0218337
   0.0209462
   0.0012796
  0.00662756
   0.0177756
           0
           0
           0
           0
   0.0227326
-0.000576161
 -0.00117602
   0.0070914
  -0.0037784
   0.0170509
   0.0267895
   0.0211733
   0.0224414
    0.011892
 -0.00354646
  0.00173585
   0.0209985
           0
   0.0162494
           0
  0.00214771
           0
   0.0235257
 -0.00158795
           0
   0.0119934
   0.0190558
  0.00431044
   0.0229057
 -0.00342626
 -0.00334249
           0
 -0.00119598
           0
   0.0235173
   0.0209455
   0.0265919
   0.0221886
 0.000740776
  0.00556476
           0
   0.0188667
 -0.00031291
           0
   0.0113559
   0.0218652
   0.0230641
           0
 -0.00409611
           0
 -0.00299535
   0.0175934
   0.0092481
   0.0222798
 -0.00152811
   0.0270474
   0.0235188
  0.00471267
   0.0182003
 0.000217683
           0
           0
   0.0242537
           0
           0
 -0.00332696
  0.00375333
   0.0156814
 -0.00367865
   0.0234564
   0.0269307
   0.0103592
    0.025078
-0.000661347
    0.023362
           0
-0.000699187
   0.0215877
  0.00915642
   0.0236551
           0
           0
           0
  0.00343832
 -0.00226329
 -0.00243682
   0.0172948
   0.0182782
   0.0240848
  0.00272373
   0.0229039
   0.0230875
    0.014483
-0.000210961
           0
   0.0220434
           0
           0
   0.0083268
           0
  -0.0014635
   0.0226187
    0.024714
   0.0174733
  0.00688699
 -0.00276655
 -0.00243232
   0.0213966
  0.00209111
   0.0242011
   0.0213259
           0
-0.000835966
           0
   0.0165279
   0.0238311
           0
           0
 -0.00108237
   0.0158278
   0.0227804
 -0.00315697
 -0.00264801
   0.0229465
  0.00607595
   0.0174143
   0.0290506
  0.00448123
   0.0153819
   0.0209511
           0
           0
           0
 0.000510964
      0.0244
  0.00068156
           0
   0.0238253
  -0.0028816
 -0.00195101
   0.0122736
  0.00835311
   0.0254723
    0.025708
   0.0235146
           0
           0
   0.0174885
           0
   0.0041179
   0.0230132
  0.00405273
 0.000374418
   0.0237269
           0
   0.0209398
-0.000112913
 -0.00285387
           0
 -0.00368901
   0.0235148
   0.0235664
   0.0226649
           0
   0.0168226
    0.018163
           0
   0.0159686
   0.0127071
-0.000392817
  0.00380833
    0.024154
           0
  0.00376787
           0
   0.0231935
-0.000595947
 -0.00302468
           0
   0.0239953
 -0.00308042
   0.0225548
   0.0249693
           0
   0.0185181
    0.025458
   0.0237307
  0.00129852
           0
  0.00983014
           0
   0.0241004
 -0.00199158
 -0.00120254
  0.00426683
   0.0231995
           0
   0.0135838
   0.0178234
 -0.00366243
   0.0231566
   0.0227115
           0
-0.000795833
    0.021382
   0.0195805
           0
   0.0217322
  0.00460563
           0
 -0.00333572
           0
 -0.00237801
   0.0142289
   0.0233608
   0.0190122
 0.000635969
   0.0168475
  0.00622374
           0
   0.0273352
    0.010339
  -0.0038349
   0.0233671
 0.000928947
           0
   0.0163346
  -0.0037679
 -0.00140678
           0
   0.0154654
-0.000170518
           0
   0.0224626
           0
   0.0284822
   0.0279954
   0.0198763
   0.0247897
  -0.0043296
  0.00511997
           0
  0.00398421
   0.0216616
   0.0220227
 -0.00247417
 -0.00404989
 -0.00207015
           0
           0
  0.00242805
           0
   0.0171155
  0.00902291
           0
   0.0186214
 0.000817247
   0.0223387
 -0.00399283
   0.0173608
   0.0204071
   0.0177584
 -0.00366354
   0.0229422
           0
 -0.00187045
           0
           0
-0.000258168
   0.0234038
   0.0084169
 -0.00289844
   0.0226577
   0.0218962
           0
   0.0239437
 -0.00378425
 0.000589989
  0.00782906
           0
 -0.00298337
           0
   0.0200277
    0.022894
 -0.00165055
 -0.00188003
   0.0220083
   0.0129447
  0.00374793
   0.0237251
           0
 -0.00359282
           0
           0
 -0.00380788
   0.0224987
    0.017315
           0
           0
           0
    0.020279
   0.0014621
   0.0020291
           0
           0
 -0.00272633
           0
   0.0210834
    0.023724
 -0.00281674
   0.0215548
 -0.00295513
   0.0141303
 0.000226901
  0.00713423
 -0.00170294
   0.0219835
 -0.00295481
   0.0100979
 -0.00231458
   0.0223073
 -0.00362233
           0
   0.0112964
 0.000218152
 -0.00154899
   0.0214415
           0
 -0.00327663
 -0.00320746
 -0.00267052
  -0.0022203
  0.00764565
   0.0193513
   0.0212496
    0.018242
   0.0236209
   0.0199651
-0.000345012
 -0.00171902
  0.00464221
   0.0056356
  0.00404029
   0.0217676
 -0.00195183
   5.654e-05
    0.017629
   0.0205304
           0
  0.00068405
-0.000351029
   0.0209865
 -0.00054841
 -0.00124064
   0.0124851
   0.0210824
           0
   0.0220367
-0.000425278
  0.00123946
   0.0033464
   0.0184612
   0.0183497
    0.021853
  0.00121327
   0.0178785
   0.0188373
           0
   0.0023693
   0.0123263
   0.0222028
 0.000824475
  0.00131046
  0.00335684
  0.00555131
   0.0076023
   0.0243427
  0.00303153
   0.0201595
   0.0273016
  0.00206634
   0.0241944
           0
  0.00336872
   0.0194525
   0.0167743
  0.00424739
           0
   0.0196629
   0.0193789
   0.0232917
   0.0209318
   0.0170859
  0.00545604
   0.0289871
  0.00629727
  0.00924862
  0.00961201
   0.0207887
  0.00692411
   0.0102622
   0.0211074
   0.0112008
           0
    0.018765
   0.0245957
   0.0274929
   0.0169501
   0.0179923
   0.0147667
  0.00845857
           0
   0.0179653
   0.0116072
   0.0153603
   0.0285429
   0.0149719
   0.0145714
   0.0224018
   0.0177245
   0.0205829
   0.0230208
   0.0178973
   0.0159101
           0
   0.0102079
   0.0177546
   0.0197773
           0
    0.021912
   0.0167103
   0.0181358
   0.0189486
    0.020753
    0.022392
   0.0174999
    0.025204
   0.0270999
   0.0136218
   0.0153858
   0.0172158
    0.019714
   0.0102382
   0.0257315
   0.0232888
   0.0199572
           0
           0
   0.0235712
   0.0217988
    0.024042
   0.0227926
   0.0136705
   0.0207112
   0.0251172
   0.0218067
   0.0213173
   0.0198645
   0.0226617
   0.0227681
  0.00903181
   0.0209093
   0.0165373
   0.0248106
   0.0226679
   0.0140188
   0.0222248
   0.0190923
   0.0214601
   0.0165463
   0.0236349
    0.022273
   0.0215303
   0.0224529
           0
           0
    0.022375
   0.0231058
   0.0123952
   0.0123876
   0.0224122
   0.0197842
   0.0208545
   0.0218078
   0.0172041
   0.0212402
    0.022822
   0.0269103
   0.0227688
   0.0130772
  0.00696456
   0.0208622
   0.0226334
   0.0227889
   0.0232791
    0.019542
   0.0228328
   0.0226327
   0.0250032
     0.02285
   0.0184927
   0.0193174
           0
   0.0192038
   0.0188832
           0
   0.0215375
   0.0060489
   0.0239226
   0.0217655
   0.0136143
   0.0233555
   0.0236695
   0.0158481
   0.0185867
   0.0103124
   0.0212974
   0.0195216
   0.0234733
   0.0129992
   0.0199873
   0.0232539
   0.0216103
   0.0195627
   0.0268115
   0.0245818
    0.016392
   0.0229482
    0.022072
   0.0254728
   0.0147507
   0.0228089
   0.0104416
           0
   0.0226449
   0.0204202
   0.0160683
   0.0171716
           0
   0.0225013
   0.0141273
  0.00632861
    0.019051
   0.0245919
   0.0276919
   0.0123042
   0.0145882
  0.00979606
  0.00430254
   0.0103834
   0.0188358
   0.0165474
  0.00801608
   0.0218222
   0.0182708
   0.0206939
   0.0202328
   0.0210669
   0.0237788
   0.0229864
   0.0180944
           0
   0.0102347
   0.0242307
   0.0231183
   0.0189472
   0.0228505
   0.0168805
   0.0206831
    0.012824
   0.0108268
   0.0154658
           0
   0.0161709
   0.0161253
   0.0158248
   0.0224984
   0.0171976
   0.0260758
   0.0151822
  0.00399501
           0
           0
           0
           0
           0
           0
           0
           0
           0
           0
           0
           0
           0
           0
           0
           0
           0
           0
           0
           0
           0
           0
           0
           0
           0
           0
           0
           0
           0
           0
           0
           0
           0
           0
           0
           0
           0
           0
           0
           0
           0
